mslp
inf
40.55555725097656
45.625
30.416667938232422
13.518518447875977
18.25
60.833335876464844
19.210525512695312
26.071430206298828
14.59999942779541
21.47058868408203
14.038461685180664
73.0
15.869565963745117

slhf
inf
45.625
73.0
91.25
19.210525512695312
11.060606002807617
20.27777862548828
121.66667175292969
365.0
28.076923370361328
6.8867926597595215
15.208333969116211
60.833335876464844
18.25

sshf
inf
91.25
121.66667175292969
73.0
20.27777862548828
60.833335876464844
6.40350866317749
19.210525512695312
45.625
36.5
9.35897445678711
182.5
40.55555725097656
6.293103218078613

ssr
inf
52.142860412597656
91.25
19.210525512695312
7.765957355499268
121.66667175292969
9.86486530303955
9.605262756347656
365.0
36.5
40.55555725097656
28.076923370361328
26.071430206298828
33.181819915771484

str
inf
52.142860412597656
18.25
40.55555725097656
7.765957355499268
36.5
60.833335876464844
91.25
26.071430206298828
14.038461685180664
13.518518447875977
24.33333396911621
8.295454978942871
11.060606002807617

z500
45.625
365.0
17.380952835083008
19.210525512695312
30.416667938232422
18.25
14.59999942779541
10.428571701049805
73.0
9.86486530303955
inf
40.55555725097656
121.66667175292969
16.590909957885742

z850
inf
45.625
30.416667938232422
19.210525512695312
40.55555725097656
18.25
26.071430206298828
13.518518447875977
14.038461685180664
14.59999942779541
60.833335876464844
21.47058868408203
9.86486530303955
10.428571701049805

w10
inf
365.0
73.0
13.518518447875977
45.625
18.25
91.25
13.035715103149414
11.060606002807617
33.181819915771484
15.208333969116211
36.5
17.380952835083008
20.27777862548828

wz500
inf
60.833335876464844
182.5
15.869565963745117
18.25
17.380952835083008
12.586206436157227
7.448979377746582
28.076923370361328
40.55555725097656
9.605262756347656
121.66667175292969
9.86486530303955
11.40625

wz850
inf
365.0
18.25
13.518518447875977
73.0
33.181819915771484
6.8867926597595215
17.380952835083008
52.142860412597656
21.47058868408203
11.060606002807617
36.5
20.27777862548828
6.40350866317749

sst
inf
365.0
91.25
73.0
52.142860412597656
121.66667175292969
45.625
33.181819915771484
19.210525512695312
18.25
28.076923370361328
30.416667938232422
13.518518447875977
13.035715103149414

