20240414_mdata1_1940_NLinear_custom_ftMS_sl365_ll0_pl30_dm512_nh8_el1_dl0_df2048_fc1_ebtimeF_dtTrue_test1_0  
mse:0.35299786925315857, mae:0.45328474044799805, rmse:0.5941362380981445, mape:0.0015080341836437583, mspe:3.910611667379271e-06, rse:0.3936118185520172, r2_score:0.8193370452914569
corr:[44.42016  44.35589  44.372334 44.425835 44.50906  44.569427 44.601494
 44.613503 44.613876 44.631668 44.674786 44.690918 44.72039  44.75761
 44.804516 44.831738 44.83703  44.836216 44.832993 44.830364 44.829117
 44.836254 44.82795  44.836308 44.847088 44.874043 44.89889  44.933685
 44.956196 44.99149 ]

20240414_mdata2_1940_NLinear_custom_ftMS_sl365_ll0_pl30_dm512_nh8_el1_dl0_df2048_fc1_ebtimeF_dtTrue_test1_0  
mse:0.21811425685882568, mae:0.3542889356613159, rmse:0.46702703833580017, mape:0.0011751909041777253, mspe:2.398416654614266e-06, rse:0.3908367156982422, r2_score:0.8145786763580545
corr:[45.644096 45.61418  45.65076  45.759613 45.862892 45.905376 45.916367
 45.896034 45.835426 45.77442  45.72161  45.651947 45.624203 45.647972
 45.662598 45.66199  45.66209  45.634495 45.61319  45.573566 45.545776
 45.533176 45.537983 45.53834  45.515812 45.457237 45.402626 45.35749
 45.32152  45.27933 ]

20240414_mdata3_1940_NLinear_custom_ftMS_sl365_ll0_pl30_dm512_nh8_el1_dl0_df2048_fc1_ebtimeF_dtTrue_test1_0  
mse:0.40094515681266785, mae:0.497723788022995, rmse:0.633202314376831, mape:0.0016643938142806292, mspe:4.483873908611713e-06, rse:0.23191072046756744, r2_score:0.9416339203007277
corr:[49.808033 49.90006  50.037777 50.16692  50.269386 50.340485 50.384266
 50.398724 50.413246 50.434994 50.465042 50.50507  50.54678  50.58966
 50.636116 50.679287 50.709602 50.73382  50.745747 50.762825 50.774956
 50.792355 50.80724  50.82075  50.828373 50.842735 50.85496  50.861397
 50.865807 50.88265 ]

20240414_mdata4_1940_NLinear_custom_ftMS_sl365_ll0_pl30_dm512_nh8_el1_dl0_df2048_fc1_ebtimeF_dtTrue_test1_0  
mse:0.4493018090724945, mae:0.5099168419837952, rmse:0.670299768447876, mape:0.001701109460555017, mspe:4.995241852157051e-06, rse:0.29609382152557373, r2_score:0.9038582559947183
corr:[49.306416 49.408348 49.550083 49.69607  49.840668 49.96173  50.06253
 50.110928 50.151108 50.18505  50.235363 50.280037 50.335934 50.390717
 50.445103 50.49145  50.52166  50.56006  50.572937 50.595604 50.606102
 50.61742  50.630676 50.642124 50.648872 50.659607 50.66404  50.664677
 50.66698  50.671436]

