omdata1_test1_rec_NLinear_custom_ftMS_sl365_ll0_pl30_dm512_nh8_el2_dl1_df2048_fc1_ebtimeF_dtTrue_20240615_0  
mse:0.47281578183174133, mae:0.5275321006774902, rmse:0.6876159906387329, mape:0.018877290189266205, mspe:0.0006159095792099833, rse:0.47898226976394653, r2_score:0.7604412873843182, acc:0.9811227098107338
corr:[35.84036  35.88943  35.922573 35.947834 35.981815 36.018402 36.046104
 36.074936 36.104362 36.144398 36.192772 36.23471  36.264412 36.293255
 36.329563 36.36305  36.395035 36.414333 36.442326 36.463097 36.47113
 36.474953 36.475685 36.466022 36.44958  36.44037  36.425884 36.421764
 36.42237  36.432705]

omdata1_test1_rec_NLinear_custom_ftMS_sl365_ll0_pl30_dm512_nh8_el2_dl1_df2048_fc1_ebtimeF_dtTrue_20240615_0  
mse:0.48461034893989563, mae:0.5265890955924988, rmse:0.6961396336555481, mape:0.01886766217648983, mspe:0.0006337992963381112, rse:0.48491963744163513, r2_score:0.6533076494434685, acc:0.9811323378235102
corr:[35.785625 35.797703 35.7811   35.748352 35.724514 35.70776  35.68977
 35.67844  35.6694   35.671303 35.681572 35.68958  35.68582  35.683887
 35.693615 35.706127 35.721363 35.72514  35.736595 35.745102 35.73895
 35.723103 35.701782 35.67158  35.632526 35.603313 35.571865 35.554268
 35.544876 35.551617]

omdata1_test1_rec_FC_LSTM_custom_ftMS_sl365_ll0_pl30_dm512_nh8_el2_dl1_df512_fc1_ebtimeF_dtTrue_20240615_0  
mse:1.283752679824829, mae:0.911757230758667, rmse:1.1330281496047974, mape:0.03248662129044533, mspe:0.0016461816849187016, rse:0.7892491817474365, r2_score:-33.29473404131964, acc:0.9675133787095547
corr:[36.00538  36.410114 36.5152   36.593563 36.68283  36.752136 36.785408
 36.79128  36.77596  36.75115  36.719967 36.675938 36.621616 36.55315
 36.483173 36.402863 36.31087  36.19891  36.09059  35.97328  35.833233
 35.683712 35.51319  35.320152 35.09762  34.859314 34.609722 34.36928
 34.11535  33.866962]

omdata1_test1_rec_LSTM_custom_ftMS_sl365_ll0_pl30_dm512_nh8_el2_dl1_df512_fc1_ebtimeF_dtTrue_20240615_0  
mse:0.7597150802612305, mae:0.6696145534515381, rmse:0.8716163635253906, mape:0.02418450452387333, mspe:0.001026987680234015, rse:0.6071538925170898, r2_score:-0.11403629184096863, acc:0.9758154954761267
corr:[36.175343 36.404785 36.474712 36.567036 36.672527 36.762154 36.83407
 36.884518 36.931988 36.97608  36.986614 36.941742 36.864906 36.783855
 36.715256 36.65705  36.609615 36.56884  36.519207 36.464714 36.422817
 36.37708  36.30421  36.192303 36.076374 35.992496 35.95785  35.940098
 35.846676 35.699673]

omdata1_test1_rec_FC_LSTM_custom_ftS_sl365_ll0_pl30_dm512_nh8_el2_dl1_df512_fc1_ebtimeF_dtTrue_20240615_0  
mse:0.7372981309890747, mae:0.6441707015037537, rmse:0.8586606383323669, mape:0.023137299343943596, mspe:0.0009694527834653854, rse:0.598129153251648, r2_score:0.6738413980292448, acc:0.9768627006560564
corr:[35.839237 35.86218  35.82762  35.77586  35.722916 35.662407 35.588806
 35.50941  35.421856 35.33487  35.23833  35.13146  35.002728 34.863983
 34.72232  34.57441  34.418446 34.23888  34.053898 33.85093  33.619625
 33.386562 33.151413 32.91395  32.671562 32.434017 32.19632  31.972065
 31.740568 31.506918]

