oisst_30d_MSPT_custom_ftS_sl96_ll48_pl30_dm64_nh4_el2_dl1_df128_fc1_ebtimeF_dtTrue_test_0  
mse:0.31002452969551086, mae:0.41537678241729736, rmse:0.5567984580993652, mape:3.073612928390503, mspe:1890.5511474609375, rse:0.5789720416069031, r2_score:0.6718407869338989, acc:-0.48383522033691406
corr:[35.95672  35.994846 36.010647 35.951656 35.990936 35.890743 35.846813
 35.75141  35.723766 35.663025 35.672726 35.539543 35.519066 35.45854
 35.470028 35.452488 35.359882 35.33997  35.297455 35.174316 35.01447
 34.900414 34.784557 34.596775 34.43406  34.20014  33.97135  33.813484
 33.539112 33.426968]

oisst_30d_long_MSPT_custom_ftS_sl96_ll48_pl30_dm64_nh4_el2_dl1_df128_fc1_ebtimeF_dtTrue_test_0  
mse:0.31068795919418335, mae:0.41594114899635315, rmse:0.5573939085006714, mape:3.0335583686828613, mspe:1808.631591796875, rse:0.5795912146568298, r2_score:0.6333567500114441, acc:-0.4287608861923218
corr:[36.076622 36.081642 35.98653  35.95071  35.91984  35.907932 35.85107
 35.742058 35.648712 35.680397 35.59657  35.566013 35.39323  35.355755
 35.35233  35.315548 35.21794  35.210487 35.14064  34.96067  34.80998
 34.67731  34.44952  34.177593 34.011047 33.783062 33.551373 33.402874
 33.06439  32.90072 ]

oisst_30d_paper_MSPT_custom_ftS_sl96_ll48_pl30_dm64_nh4_el2_dl1_df128_fc1_ebtimeF_dtTrue_test_0  
mse:0.31171637773513794, mae:0.4160658121109009, rmse:0.558315634727478, mape:3.0357706546783447, mspe:1868.1268310546875, rse:0.5805496573448181, r2_score:0.6566038727760315, acc:-0.4512624740600586
corr:[35.968517 35.944588 35.876907 35.86821  35.885952 35.87498  35.796665
 35.730873 35.656807 35.60009  35.63818  35.520504 35.447884 35.377907
 35.33727  35.31216  35.206135 35.230087 35.09563  34.975674 34.8017
 34.673553 34.50453  34.30635  34.10949  33.87185  33.594032 33.44523
 33.175873 33.002647]

